CreateDynamicObject(3655, -192.93048, 2421.34790, 9166.82031,   0.00000, 0.00000, -1.50000);
CreateDynamicObject(3655, -193.15251, 2409.38452, 9166.92578,   0.00000, 0.00000, -1.50000);
CreateDynamicObject(3655, -193.47588, 2397.43872, 9166.96191,   0.00000, 0.00000, -1.50000);
CreateDynamicObject(5758, -213.75060, 2391.44727, 9164.29004,   0.00000, 0.00000, 90.00000);
CreateDynamicObject(5794, -152.48080, 2436.24756, 9164.29297,   0.00000, 0.00000, 90.00000);
CreateDynamicObject(8417, -179.03632, 2371.53760, 9164.44043,   0.00000, 0.00000, 0.00000);
CreateDynamicObject(3655, -178.61691, 2398.45386, 9167.37695,   0.00000, 0.00000, 270.00000);
CreateDynamicObject(3655, -168.54677, 2398.47290, 9167.37695,   0.00000, 0.00000, 270.00000);
CreateDynamicObject(3655, -155.35168, 2387.15674, 9167.37695,   0.00000, 0.00000, 180.00000);
CreateDynamicObject(5655, -171.81177, 2346.96265, 9162.06055,   0.00000, 0.00000, 17.81993);
CreateDynamicObject(3655, -192.12584, 2336.13379, 9167.20410,   0.00000, 0.00000, 179.70018);
CreateDynamicObject(3655, -179.61630, 2335.70581, 9167.12402,   0.00000, 0.00000, 90.00000);
CreateDynamicObject(3655, -155.47607, 2373.41650, 9167.37695,   0.00000, 0.00000, 180.00000);
CreateDynamicObject(3655, -155.43851, 2361.40796, 9167.37695,   0.00000, 0.00000, 180.00000);
CreateDynamicObject(8417, -137.69937, 2371.55176, 9164.44043,   0.00000, 0.00000, 0.00000);
CreateDynamicObject(8417, -137.69830, 2401.36694, 9164.40039,   0.00000, 0.00000, 0.00000);
CreateDynamicObject(8417, -178.90532, 2401.34058, 9164.40039,   0.00000, 0.00000, 0.00000);
CreateDynamicObject(3639, -191.85742, 2384.00171, 9168.31445,   0.00000, 0.00000, 0.00000);
CreateDynamicObject(1358, -177.89651, 2413.49390, 9165.57520,   0.00000, 0.00000, -51.18001);
CreateDynamicObject(1358, -172.78319, 2422.83276, 9165.57520,   0.00000, 0.00000, -85.85999);
CreateDynamicObject(5423, -120.21520, 2382.07324, 9167.60645,   0.00000, 0.00000, 270.00000);
CreateDynamicObject(5794, -58.36270, 2436.27808, 9164.14258,   0.00000, 0.00000, 90.00000);
CreateDynamicObject(5423, -104.55378, 2313.80713, 9167.59375,   0.00000, 0.00000, 0.00000);
CreateDynamicObject(17613, -219.48550, 2307.65942, 9164.46387,   0.00000, 0.00000, 270.00000);
CreateDynamicObject(3655, -229.37474, 2334.36646, 9167.20410,   0.00000, 0.00000, 0.00000);
CreateDynamicObject(3655, -229.58565, 2346.18994, 9167.20410,   0.00000, 0.00000, 0.00000);
CreateDynamicObject(3639, -196.41348, 2322.27124, 9168.31445,   0.00000, 0.00000, 270.00000);
CreateDynamicObject(3639, -196.70122, 2306.95923, 9168.31445,   0.00000, 0.00000, 262.38007);
CreateDynamicObject(8417, -182.94180, 2307.38257, 9164.44043,   0.00000, 0.00000, 0.00000);
CreateDynamicObject(3655, -186.72984, 2303.96094, 9167.20410,   0.00000, 0.00000, 270.00000);
CreateDynamicObject(3655, -172.98380, 2303.82861, 9167.16406,   0.00000, 0.00000, 270.00000);
CreateDynamicObject(3655, -180.68190, 2286.14380, 9167.20410,   0.00000, 0.00000, 90.00000);
CreateDynamicObject(3655, -168.73129, 2286.35425, 9167.20410,   0.00000, 0.00000, 90.00000);
CreateDynamicObject(3655, -161.04536, 2303.80005, 9167.16406,   0.00000, 0.00000, 270.00000);
CreateDynamicObject(8417, -141.59615, 2307.38940, 9164.44043,   0.00000, 0.00000, 0.00000);
CreateDynamicObject(8417, -141.55769, 2347.30566, 9164.41992,   0.00000, 0.00000, 0.00000);
CreateDynamicObject(8417, -179.40541, 2347.08643, 9164.41992,   0.00000, 0.00000, 0.00000);
CreateDynamicObject(3655, -186.74591, 2317.78613, 9167.20410,   0.00000, 0.00000, 270.00000);
CreateDynamicObject(3655, -172.39680, 2319.86816, 9167.04395,   0.00000, 0.00000, 270.00000);
CreateDynamicObject(3655, -167.76790, 2335.64258, 9167.02441,   0.00000, 0.00000, 90.00000);
CreateDynamicObject(3655, -155.72380, 2335.62305, 9167.04395,   0.00000, 0.00000, 90.00000);
CreateDynamicObject(3655, -160.35139, 2319.84546, 9167.06445,   0.00000, 0.00000, 270.00000);
CreateDynamicObject(3655, -168.25798, 2285.09448, 9173.10547,   0.00000, 0.00000, 91.13999);
CreateDynamicObject(3655, -179.92361, 2283.37134, 9173.10547,   0.00000, 0.00000, 91.13999);
CreateDynamicObject(3655, -149.08401, 2303.81714, 9167.16406,   0.00000, 0.00000, 270.00000);
CreateDynamicObject(3655, -156.68008, 2286.97681, 9167.20410,   0.00000, 0.00000, 90.00000);
CreateDynamicObject(3655, -144.81932, 2287.03345, 9167.20410,   0.00000, 0.00000, 90.00000);
CreateDynamicObject(3655, -154.87808, 2285.21680, 9173.74219,   0.00000, 0.00000, 91.13999);
CreateDynamicObject(3655, -144.78282, 2285.60278, 9173.77246,   0.00000, 0.00000, 91.13999);
CreateDynamicObject(3655, -187.09686, 2283.44165, 9173.10547,   0.00000, 0.00000, 91.13999);
CreateDynamicObject(17698, -210.10190, 2276.38257, 9167.54492,   0.00000, 0.00000, -70.38001);
CreateDynamicObject(3655, -199.68777, 2279.24976, 9173.10547,   0.00000, 0.00000, 91.13999);
CreateDynamicObject(3655, -199.68777, 2279.24976, 9165.12402,   0.00000, 0.00000, 91.13999);
CreateDynamicObject(1496, -214.49084, 2281.46875, 9165.31055,   0.00000, 0.00000, 18.00000);
CreateDynamicObject(3580, -198.77951, 2288.18262, 9168.20117,   0.00000, 0.00000, 55.00000);
CreateDynamicObject(3655, -210.11765, 2276.85986, 9173.10547,   0.00000, 0.00000, 109.08000);
CreateDynamicObject(3655, -223.13768, 2275.99634, 9167.30273,   0.00000, 0.00000, 91.00000);
CreateDynamicObject(3655, -242.10356, 2323.57397, 9167.47168,   0.00000, 0.00000, -10.92000);
CreateDynamicObject(3655, -245.91347, 2312.22607, 9167.47168,   0.00000, 0.00000, -10.92000);
CreateDynamicObject(3655, -245.80812, 2298.64990, 9167.62988,   0.00000, 0.00000, 8.93999);
CreateDynamicObject(3655, -241.48692, 2287.75391, 9167.80078,   0.00000, 0.00000, 34.62000);
CreateDynamicObject(3655, -233.26086, 2279.71533, 9167.80078,   0.00000, 0.00000, 53.93999);
CreateDynamicObject(3655, -223.13768, 2275.99634, 9175.54395,   0.00000, 0.00000, 91.00000);
CreateDynamicObject(3655, -168.54131, 2412.40356, 9167.37695,   0.00000, 0.00000, 90.00000);
CreateDynamicObject(3655, -156.50269, 2412.41675, 9167.37695,   0.00000, 0.00000, 90.00000);
CreateDynamicObject(3655, -157.66597, 2399.39624, 9167.37695,   0.00000, 0.00000, 0.00000);
CreateDynamicObject(5423, -27.37404, 2313.58936, 9167.61328,   0.00000, 0.00000, 180.00000);
CreateDynamicObject(3655, -132.88470, 2287.13672, 9168.31152,   0.00000, 0.00000, 90.00000);
CreateDynamicObject(3430, -203.74449, 2332.71460, 9165.79102,   0.00000, 0.00000, 0.00000);
CreateDynamicObject(3436, -237.27048, 2374.97900, 9169.64160,   0.00000, 0.00000, 90.00000);
CreateDynamicObject(3446, -236.74561, 2416.61230, 9167.71973,   0.00000, 0.00000, 180.00000);
CreateDynamicObject(3566, -217.56642, 2338.86890, 9166.64063,   0.00000, 0.00000, 0.00000);
CreateDynamicObject(3655, -253.23576, 2407.98608, 9168.71582,   0.00000, 0.00000, 0.00000);
CreateDynamicObject(3655, -253.08356, 2419.65112, 9168.71582,   0.00000, 0.00000, 0.00000);
CreateDynamicObject(3655, -253.09238, 2431.50684, 9168.71582,   0.00000, 0.00000, 0.00000);
CreateDynamicObject(3655, -240.95457, 2436.93237, 9168.71582,   0.00000, 0.00000, 0.00000);
CreateDynamicObject(3655, -234.92676, 2437.09985, 9167.55078,   0.00000, 0.00000, 0.00000);
CreateDynamicObject(970, -229.66328, 2419.99927, 9168.59375,   0.00000, 0.00000, 90.00000);
CreateDynamicObject(970, -229.66434, 2415.89697, 9168.59375,   0.00000, 0.00000, 90.00000);
CreateDynamicObject(970, -229.66544, 2411.65186, 9168.59375,   0.00000, 0.00000, 90.00000);
CreateDynamicObject(970, -231.89023, 2425.03760, 9168.59375,   0.00000, 0.00000, 90.00000);
CreateDynamicObject(970, -229.69002, 2421.53564, 9168.59375,   0.00000, 0.00000, 90.00000);
CreateDynamicObject(970, -231.42247, 2423.66968, 9168.59375,   0.00000, 0.00000, 0.00000);
CreateDynamicObject(3655, -253.23576, 2407.98608, 9175.43652,   0.00000, 0.00000, 0.00000);
CreateDynamicObject(3655, -253.16240, 2419.73193, 9175.45605,   0.00000, 0.00000, 0.00000);
CreateDynamicObject(3655, -253.14261, 2431.26880, 9175.45605,   0.00000, 0.00000, 0.00000);
CreateDynamicObject(3655, -240.96317, 2437.08032, 9175.45605,   0.00000, 0.00000, 0.00000);
CreateDynamicObject(3655, -235.05713, 2437.08179, 9175.45605,   0.00000, 0.00000, 0.00000);
CreateDynamicObject(1358, -237.48419, 2401.13306, 9175.88965,   0.00000, 0.00000, 0.00000);
CreateDynamicObject(1358, -241.00835, 2401.24365, 9175.88965,   0.00000, 0.00000, 0.00000);
CreateDynamicObject(1358, -244.66173, 2401.14795, 9175.88965,   0.00000, 0.00000, 0.00000);
CreateDynamicObject(1358, -233.85231, 2401.08350, 9175.88965,   0.00000, 0.00000, 0.00000);
CreateDynamicObject(1358, -229.00215, 2401.14453, 9175.88965,   0.00000, 0.00000, 0.00000);
CreateDynamicObject(1358, -231.17313, 2400.92651, 9175.88965,   0.00000, 0.00000, 0.00000);
CreateDynamicObject(12957, -234.04097, 2302.21582, 9165.34668,   0.00000, 0.00000, 38.34000);
CreateDynamicObject(3457, -160.62039, 2461.37744, 9167.27246,   0.00000, 0.00000, 0.00000);
CreateDynamicObject(3558, -100.48566, 2370.18481, 9167.50977,   0.00000, 0.00000, 0.00000);
CreateDynamicObject(3655, -107.83994, 2388.99219, 9169.06934,   0.00000, 0.00000, 0.00000);
CreateDynamicObject(3557, -101.33213, 2413.29810, 9168.61328,   0.00000, 0.00000, 180.00000);
CreateDynamicObject(3655, -136.74135, 2373.01367, 9169.23145,   0.00000, 0.00000, 0.00000);
CreateDynamicObject(3655, -137.27827, 2390.87207, 9169.23145,   0.00000, 0.00000, 0.00000);
CreateDynamicObject(3655, -137.65321, 2410.82056, 9169.23145,   0.00000, 0.00000, 0.00000);
CreateDynamicObject(3655, -209.58047, 2453.23120, 9166.97461,   0.00000, 0.00000, -60.47999);
CreateDynamicObject(3655, -220.89902, 2450.37793, 9166.97461,   0.00000, 0.00000, -60.47999);
CreateDynamicObject(3655, -229.66469, 2443.81372, 9166.97461,   0.00000, 0.00000, -48.47999);
CreateDynamicObject(11696, -30.75793, 2180.00220, 9139.20801,   0.00000, 0.00000, -197.70003);
CreateDynamicObject(11696, 52.00650, 2187.28125, 9168.24902,   0.00000, 0.00000, 0.00000);
CreateDynamicObject(11696, -174.40144, 2185.19727, 9127.00391,   0.00000, 0.00000, 0.00000);
CreateDynamicObject(11696, -345.06122, 2285.79321, 9160.62109,   0.00000, 0.00000, 0.00000);
CreateDynamicObject(11695, -353.01114, 2465.36963, 9166.44336,   0.00000, 0.00000, -43.44000);
CreateDynamicObject(11695, -239.37801, 2557.11987, 9179.01953,   0.00000, 0.00000, 0.00000);
CreateDynamicObject(4585, -101.34496, 2466.97363, 9253.94336,   0.00000, 0.00000, 270.00000);
CreateDynamicObject(5423, 48.30033, 2313.83081, 9167.61328,   0.00000, 0.00000, 180.00000);
CreateDynamicObject(5794, 35.48160, 2436.08203, 9164.08301,   0.00000, 0.00000, 270.00000);
CreateDynamicObject(1358, -105.16470, 2422.84546, 9165.36035,   0.00000, 0.00000, -62.00000);
CreateDynamicObject(1358, -104.50130, 2425.80347, 9165.36035,   0.00000, 0.00000, -104.16000);
CreateDynamicObject(1358, -103.92070, 2428.38135, 9165.13086,   0.00000, 0.00000, -40.00000);
CreateDynamicObject(1358, -105.01440, 2431.50488, 9164.80762,   0.00000, 18.00000, -104.00000);
CreateDynamicObject(791, -72.22281, 2260.38818, 9196.78906,   0.00000, 0.00000, 0.00000);
CreateDynamicObject(791, -203.17343, 2247.29565, 9201.08789,   0.00000, 0.00000, 0.00000);
CreateDynamicObject(791, -274.01193, 2290.18774, 9179.53613,   0.00000, 0.00000, 0.00000);
CreateDynamicObject(791, -127.37986, 2247.70947, 9200.33789,   0.00000, 0.00000, 0.00000);
CreateDynamicObject(791, -355.18994, 2423.90332, 9198.69531,   0.00000, 0.00000, 0.00000);
CreateDynamicObject(791, -310.69370, 2433.37622, 9198.95801,   0.00000, 0.00000, 0.00000);
CreateDynamicObject(791, -262.46683, 2544.78174, 9211.49316,   0.00000, 0.00000, 0.00000);
CreateDynamicObject(791, -282.50293, 2469.43091, 9198.09082,   0.00000, 0.00000, 0.00000);
CreateDynamicObject(19536, -31.62315, 2373.69897, 9164.24512,   0.00000, 0.00000, 0.00000);
CreateDynamicObject(19536, -31.23130, 2390.00757, 9164.26465,   0.00000, 0.00000, 0.00000);
CreateDynamicObject(3655, -75.65845, 2414.03491, 9167.24902,   0.00000, 0.00000, 90.00000);
CreateDynamicObject(3655, -63.64705, 2414.15674, 9167.24902,   0.00000, 0.00000, 89.82000);
CreateDynamicObject(3655, -51.65300, 2414.19897, 9167.24902,   0.00000, 0.00000, 90.00000);
CreateDynamicObject(3655, -39.84358, 2414.17969, 9167.24902,   0.00000, 0.00000, 90.00000);
CreateDynamicObject(3655, -27.85198, 2414.21191, 9167.24902,   0.00000, 0.00000, 90.00000);
CreateDynamicObject(11459, -78.07845, 2397.70605, 9164.24707,   0.00000, 0.00000, 90.00000);
CreateDynamicObject(11459, -78.03827, 2391.05298, 9164.24707,   0.00000, 0.00000, 90.00000);
CreateDynamicObject(11459, -78.03827, 2391.05298, 9167.37207,   0.00000, 0.00000, 90.00000);
CreateDynamicObject(11459, -67.14162, 2397.24756, 9164.26563,   0.00000, 0.00000, 90.00000);
CreateDynamicObject(3641, -72.60410, 2377.02441, 9166.46582,   0.00000, 0.00000, 0.00000);
CreateDynamicObject(10357, -118.09179, 2329.78296, 9251.44434,   0.00000, 0.00000, 0.00000);
CreateDynamicObject(10675, -72.12240, 2355.88208, 9167.51172,   0.00000, 0.00000, 90.00000);
CreateDynamicObject(10675, -49.30009, 2355.97949, 9167.51172,   0.00000, 0.00000, 90.00000);
CreateDynamicObject(11459, -53.85704, 2397.72632, 9164.26563,   0.00000, 0.00000, 90.00000);
CreateDynamicObject(11459, -42.44304, 2397.64307, 9164.26563,   0.00000, 0.00000, 90.00000);
CreateDynamicObject(11459, -43.20724, 2397.63940, 9167.31250,   0.00000, 0.00000, 90.00000);
CreateDynamicObject(11459, -53.91690, 2388.91089, 9164.26563,   0.00000, 0.00000, 90.00000);
CreateDynamicObject(11459, -40.84652, 2387.63965, 9164.26563,   0.00000, 0.00000, 90.00000);
CreateDynamicObject(3655, -27.23399, 2392.74536, 9167.24902,   0.00000, 0.00000, 90.00000);
CreateDynamicObject(3655, -15.24093, 2392.73022, 9167.24902,   0.00000, 0.00000, 90.00000);
CreateDynamicObject(3655, -15.92918, 2414.24097, 9167.24902,   0.00000, 0.00000, 90.00000);
CreateDynamicObject(1358, -22.07750, 2401.80054, 9165.38281,   0.00000, 4.00000, -149.00000);
CreateDynamicObject(1358, -33.47264, 2405.06201, 9165.38281,   0.00000, 4.00000, -149.00000);
CreateDynamicObject(1415, -51.37322, 2400.57739, 9164.26074,   0.00000, 0.00000, 180.00000);
CreateDynamicObject(1415, -54.77468, 2400.58765, 9164.26074,   0.00000, 0.00000, 180.00000);
CreateDynamicObject(11459, -40.88365, 2383.04712, 9164.26563,   0.00000, 0.00000, 90.00000);
CreateDynamicObject(11459, -42.40832, 2376.80469, 9164.26563,   0.00000, 0.00000, 0.00000);
CreateDynamicObject(11459, -52.08568, 2382.38623, 9164.26563,   0.00000, 0.00000, 0.00000);
CreateDynamicObject(11459, -56.72756, 2382.33691, 9164.26563,   0.00000, 0.00000, 0.00000);
CreateDynamicObject(11459, -56.72756, 2382.33691, 9164.26563,   0.00000, 0.00000, 0.00000);
CreateDynamicObject(11459, -52.08568, 2382.38623, 9167.23535,   0.00000, 0.00000, 0.00000);
CreateDynamicObject(11459, -56.79113, 2382.46436, 9167.23535,   0.00000, 0.00000, 0.00000);
CreateDynamicObject(11459, -42.31779, 2377.43384, 9167.23535,   0.00000, 0.00000, 0.00000);
CreateDynamicObject(3655, -110.42324, 2349.72168, 9168.21191,   0.00000, 0.00000, 0.00000);
CreateDynamicObject(8417, 9.70468, 2364.59155, 9164.33008,   0.00000, 0.00000, 90.00000);
CreateDynamicObject(8416, -0.27746, 2375.21924, 9166.48633,   0.00000, 0.00000, 90.00000);
CreateDynamicObject(708, -0.80951, 2411.76685, 9164.23730,   0.00000, 0.00000, 0.00000);
CreateDynamicObject(708, 16.86150, 2398.08276, 9164.24316,   0.00000, 0.00000, 0.00000);
CreateDynamicObject(708, -25.48960, 2354.17236, 9164.22461,   0.00000, 0.00000, 0.00000);
CreateDynamicObject(708, -60.48833, 2370.80566, 9164.22949,   0.00000, 0.00000, 0.00000);
CreateDynamicObject(800, -18.31368, 2366.16309, 9164.23340,   0.00000, 0.00000, 0.00000);
CreateDynamicObject(800, -32.55396, 2362.52783, 9164.23340,   0.00000, 0.00000, 0.00000);
CreateDynamicObject(898, 10.70966, 2336.70923, 9164.23535,   0.00000, 0.00000, 0.00000);
CreateDynamicObject(11696, 186.15401, 2341.46191, 9116.61328,   0.00000, 0.00000, 0.00000);
CreateDynamicObject(19536, 93.30550, 2390.84033, 9164.26465,   0.00000, 0.00000, 0.00000);
CreateDynamicObject(19536, 93.04610, 2374.50635, 9164.24414,   0.00000, 0.00000, 0.00000);
CreateDynamicObject(17613, 57.17870, 2395.60498, 9164.39941,   0.00000, 0.00000, 270.00000);
CreateDynamicObject(3655, 84.27044, 2414.98828, 9167.35742,   0.00000, 0.00000, 180.00000);
CreateDynamicObject(3655, 84.53356, 2402.87915, 9167.35742,   0.00000, 0.00000, 180.00000);
CreateDynamicObject(3655, 83.45868, 2390.03442, 9167.35742,   0.00000, 0.00000, 172.02007);
CreateDynamicObject(3634, 56.70041, 2365.48828, 9166.80566,   0.00000, 0.00000, 180.00000);
CreateDynamicObject(3454, 76.76990, 2370.74146, 9168.73730,   0.00000, 0.00000, -138.48001);
CreateDynamicObject(3644, 25.47217, 2401.30859, 9166.99316,   0.00000, 0.00000, 0.00000);
CreateDynamicObject(3644, 41.38350, 2359.97900, 9166.99316,   0.00000, 0.00000, 90.00000);
CreateDynamicObject(3655, 41.21935, 2329.74976, 9168.74414,   0.00000, 0.00000, 90.00000);
CreateDynamicObject(3655, 56.56084, 2330.04150, 9168.74414,   0.00000, 0.00000, 90.00000);
CreateDynamicObject(11459, 79.83785, 2325.70361, 9165.93555,   0.00000, 0.00000, 0.00000);
CreateDynamicObject(11459, 56.13797, 2293.72485, 9165.91992,   0.00000, 0.00000, 0.00000);
CreateDynamicObject(11459, 54.85526, 2305.37061, 9165.91992,   0.00000, 0.00000, 0.00000);
CreateDynamicObject(11459, 56.13797, 2293.72485, 9165.91992,   0.00000, 0.00000, 0.00000);
CreateDynamicObject(11459, 42.90065, 2294.16357, 9165.91992,   0.00000, 0.00000, 0.00000);
CreateDynamicObject(11459, 35.85115, 2294.23828, 9165.91992,   0.00000, 0.00000, 0.00000);
CreateDynamicObject(11459, 35.85115, 2294.23828, 9168.86035,   0.00000, 0.00000, 0.00000);
CreateDynamicObject(11459, 35.85115, 2294.23828, 9171.95020,   0.00000, 0.00000, 0.00000);
CreateDynamicObject(3655, -18.87555, 2326.90137, 9168.87012,   0.00000, 0.00000, 0.00000);
CreateDynamicObject(11696, -12.98920, 2535.78857, 9116.63281,   0.00000, 0.00000, -2.00000);
CreateDynamicObject(11696, 155.40266, 2497.14233, 9117.61328,   0.00000, 0.00000, -164.00000);
CreateDynamicObject(11459, 73.29487, 2449.34790, 9164.23047,   0.00000, 0.00000, 0.00000);
CreateDynamicObject(11459, 77.93352, 2449.34546, 9164.23047,   0.00000, 0.00000, 0.00000);
CreateDynamicObject(11459, 77.91599, 2454.40259, 9166.98047,   0.00000, 0.00000, 0.00000);
CreateDynamicObject(11459, 73.58695, 2454.39038, 9166.98047,   0.00000, 0.00000, 0.00000);
CreateDynamicObject(11459, 69.06226, 2454.37817, 9166.98047,   0.00000, 0.00000, 0.00000);
CreateDynamicObject(11459, 69.06226, 2454.37817, 9164.05273,   0.00000, 0.00000, 0.00000);
CreateDynamicObject(11459, 64.49052, 2454.32349, 9164.05273,   0.00000, 0.00000, 0.00000);
CreateDynamicObject(11459, 59.87991, 2454.34106, 9164.05273,   0.00000, 0.00000, 0.00000);
CreateDynamicObject(11459, 55.67694, 2454.19800, 9164.05273,   0.00000, 0.00000, 0.00000);
CreateDynamicObject(11459, 82.47242, 2454.20313, 9166.98047,   0.00000, 0.00000, 0.00000);
CreateDynamicObject(11459, 82.34562, 2448.88525, 9164.23047,   0.00000, 0.00000, 0.00000);
CreateDynamicObject(11459, 82.53786, 2462.28320, 9166.98047,   0.00000, 0.00000, 0.00000);
CreateDynamicObject(11459, 77.86321, 2462.38428, 9166.98047,   0.00000, 0.00000, 0.00000);
CreateDynamicObject(11459, 85.98591, 2442.73926, 9164.23047,   0.00000, 0.00000, 90.00000);
CreateDynamicObject(11459, 86.04530, 2438.15820, 9164.23047,   0.00000, 0.00000, 90.00000);
CreateDynamicObject(11459, 86.12306, 2433.58472, 9164.23047,   0.00000, 0.00000, 90.00000);
CreateDynamicObject(11459, 86.01687, 2428.93384, 9164.23047,   0.00000, 0.00000, 90.00000);
CreateDynamicObject(11459, 85.89332, 2424.19385, 9164.23047,   0.00000, 0.00000, 90.00000);
CreateDynamicObject(11459, 86.91549, 2448.89551, 9164.23047,   0.00000, 0.00000, 0.00000);
CreateDynamicObject(11459, 89.09447, 2437.96021, 9167.16797,   0.00000, 0.00000, 90.00000);
CreateDynamicObject(11459, 34.58659, 2382.78320, 9164.25781,   0.00000, 0.00000, 90.00000);
CreateDynamicObject(11459, 34.58659, 2382.78320, 9167.41602,   0.00000, 0.00000, 90.00000);
CreateDynamicObject(11459, -21.01114, 2288.49731, 9165.80762,   0.00000, 0.00000, 0.00000);
CreateDynamicObject(11459, -16.50264, 2288.49268, 9165.80762,   0.00000, 0.00000, 0.00000);
CreateDynamicObject(11459, -25.55592, 2288.56519, 9165.80762,   0.00000, 0.00000, 0.00000);
CreateDynamicObject(11459, -25.55592, 2288.56519, 9169.01172,   0.00000, 0.00000, 0.00000);
CreateDynamicObject(11459, -29.88684, 2288.65527, 9172.01465,   0.00000, 0.00000, 0.00000);
CreateDynamicObject(11459, -34.51128, 2286.95142, 9174.57715,   0.00000, 0.00000, 0.00000);
CreateDynamicObject(3655, -33.01985, 2285.54810, 9167.60645,   0.00000, 0.00000, 90.00000);
CreateDynamicObject(3655, -1.15168, 2283.09253, 9168.91113,   0.00000, 0.00000, 90.00000);
CreateDynamicObject(11459, -38.93703, 2286.94995, 9174.57715,   0.00000, 0.00000, 0.00000);
CreateDynamicObject(11459, -38.93703, 2286.94995, 9171.95605,   0.00000, 0.00000, 0.00000);
CreateDynamicObject(11459, -34.51128, 2286.95142, 9171.85742,   0.00000, 0.00000, 0.00000);
CreateDynamicObject(11698, -42.68172, 2285.60962, 9178.20898,   0.00000, 0.00000, 90.00000);
CreateDynamicObject(11698, -45.62689, 2285.60596, 9178.20898,   0.00000, 0.00000, 90.00000);
CreateDynamicObject(11698, -48.57140, 2285.57788, 9178.20898,   0.00000, 0.00000, 90.00000);
CreateDynamicObject(11698, -51.52466, 2285.59082, 9178.20898,   0.00000, 0.00000, 90.00000);
CreateDynamicObject(11698, -54.49780, 2285.60474, 9178.20898,   0.00000, 0.00000, 90.00000);
CreateDynamicObject(11459, -43.34152, 2291.23975, 9177.70605,   0.00000, 0.00000, 180.00000);
CreateDynamicObject(11459, -47.98156, 2291.23389, 9177.70605,   0.00000, 0.00000, 180.00000);
CreateDynamicObject(11459, -52.60164, 2291.20605, 9177.70605,   0.00000, 0.00000, 180.00000);
CreateDynamicObject(11459, -57.22976, 2291.25439, 9177.70605,   0.00000, 0.00000, 180.00000);
CreateDynamicObject(11459, -43.33883, 2280.06104, 9177.70605,   0.00000, 0.00000, 180.00000);
CreateDynamicObject(11459, -47.94944, 2280.04932, 9177.70605,   0.00000, 0.00000, 180.00000);
CreateDynamicObject(3655, -56.25658, 2277.00830, 9181.40625,   0.00000, 0.00000, 90.00000);
CreateDynamicObject(11697, -57.87655, 2285.75952, 9178.24414,   0.00000, 0.00000, 90.00000);
CreateDynamicObject(11459, -57.22976, 2291.25439, 9174.79004,   0.00000, 0.00000, 180.00000);
CreateDynamicObject(3655, -45.34227, 2285.81348, 9167.80566,   0.00000, 0.00000, 90.00000);
CreateDynamicObject(3655, -57.43484, 2286.02734, 9167.80566,   0.00000, 0.00000, 90.00000);
CreateDynamicObject(3655, -57.45248, 2298.36328, 9167.80566,   0.00000, 0.00000, 90.00000);
CreateDynamicObject(3655, -64.96592, 2288.15112, 9171.77441,   0.00000, 0.00000, 90.00000);
CreateDynamicObject(3655, -53.50193, 2288.17993, 9173.10059,   0.00000, 0.00000, 90.00000);
CreateDynamicObject(3655, -64.96592, 2288.15112, 9163.76660,   0.00000, 0.00000, 90.00000);
CreateDynamicObject(11697, -64.46255, 2285.98462, 9176.47852,   32.00000, 0.00000, 270.00000);
CreateDynamicObject(1764, -64.58350, 2293.89331, 9175.34082,   0.00000, 0.00000, 0.00000);
CreateDynamicObject(1764, -62.55940, 2291.16846, 9175.36035,   0.00000, 0.00000, 180.00000);
CreateDynamicObject(11686, -67.79010, 2294.68262, 9175.26270,   0.00000, 0.00000, 0.00000);
CreateDynamicObject(708, -98.92319, 2298.74390, 9164.22461,   0.00000, 0.00000, 0.00000);
CreateDynamicObject(708, -88.51477, 2326.45410, 9155.41406,   0.00000, 0.00000, 0.00000);
CreateDynamicObject(708, -51.41186, 2330.84180, 9155.41406,   0.00000, 0.00000, 0.00000);
CreateDynamicObject(3704, -92.87630, 2287.43555, 9166.78320,   0.00000, 0.00000, -90.42001);
CreateDynamicObject(3655, -77.11837, 2283.26904, 9164.40625,   0.00000, 0.00000, 90.00000);
CreateDynamicObject(3655, -113.01088, 2301.13574, 9168.89844,   0.00000, 0.00000, 180.00000);
CreateDynamicObject(3702, 36.53864, 2449.25049, 9171.23145,   0.00000, 0.00000, 90.00000);
CreateDynamicObject(3702, 40.72174, 2445.51807, 9165.84961,   0.00000, 0.00000, 90.00000);
CreateDynamicObject(3655, 26.42132, 2448.73584, 9164.12793,   0.00000, 0.00000, 270.00000);
CreateDynamicObject(3655, 38.15979, 2448.78516, 9164.12793,   0.00000, 0.00000, 270.00000);
CreateDynamicObject(3578, -11.13985, 2424.20337, 9164.26758,   0.00000, 0.00000, 90.00000);
CreateDynamicObject(3578, -5.24934, 2421.09912, 9164.42188,   0.00000, 0.00000, 0.00000);
CreateDynamicObject(3578, 4.97895, 2421.08667, 9164.42188,   0.00000, 0.00000, 0.00000);
CreateDynamicObject(1231, 6.94702, 2408.46631, 9166.97266,   0.00000, 0.00000, 0.00000);
CreateDynamicObject(1231, -29.81524, 2425.23584, 9166.97070,   0.00000, 0.00000, 0.00000);
CreateDynamicObject(1231, -63.73133, 2386.73145, 9165.33496,   0.00000, 0.00000, 0.00000);
CreateDynamicObject(13591, -24.69270, 2375.19263, 9164.35449,   0.00000, 0.00000, 0.00000);
CreateDynamicObject(13591, -20.57606, 2378.76294, 9164.35449,   0.00000, 0.00000, 0.00000);
CreateDynamicObject(11459, -68.77427, 2331.46436, 9165.41504,   0.00000, 0.00000, 0.00000);
CreateDynamicObject(11459, -75.23661, 2320.65942, 9165.03711,   0.00000, 0.00000, 90.00000);
CreateDynamicObject(11459, -75.23661, 2320.65942, 9168.06836,   0.00000, 0.00000, 90.00000);
CreateDynamicObject(11459, -68.55831, 2330.43970, 9168.28711,   0.00000, 0.00000, 0.00000);
CreateDynamicObject(3655, -133.52042, 2331.77246, 9168.96387,   0.00000, 0.00000, 0.00000);
CreateDynamicObject(14411, -46.29870, 2403.73877, 9162.82617,   -35.00000, 0.00000, -90.00000);
CreateDynamicObject(14411, -57.22750, 2403.71826, 9162.88574,   -35.00000, 0.00000, -90.00000);
CreateDynamicObject(14411, -68.19279, 2403.71533, 9162.88574,   -35.00000, 0.00000, -90.00000);
CreateDynamicObject(14411, -78.93690, 2403.68237, 9162.88574,   -35.00000, 0.00000, -90.00000);
CreateDynamicObject(14411, -86.04333, 2414.50195, 9162.88574,   -35.00000, 0.00000, 0.00000);
CreateDynamicObject(1412, -82.18027, 2414.67188, 9165.08398,   31.00000, 0.00000, 90.00000);
CreateDynamicObject(1227, -73.66640, 2406.66504, 9165.04102,   0.00000, 0.00000, 0.00000);
CreateDynamicObject(842, -59.66326, 2400.23682, 9164.25488,   0.00000, 0.00000, 0.00000);
CreateDynamicObject(842, -61.16973, 2382.85962, 9164.26074,   0.00000, 0.00000, 0.00000);
CreateDynamicObject(777, -65.89938, 2396.28076, 9158.65430,   0.00000, 0.00000, 124.07999);
CreateDynamicObject(3655, -3.47066, 2392.75635, 9167.24902,   0.00000, 0.00000, 90.00000);
CreateDynamicObject(3655, 8.31117, 2392.94141, 9167.24902,   0.00000, 0.00000, 90.00000);
CreateDynamicObject(3655, -4.22460, 2414.20166, 9167.24902,   0.00000, 0.00000, 90.00000);
CreateDynamicObject(3578, -11.13990, 2424.20337, 9165.58984,   180.00000, 0.00000, 90.00000);
CreateDynamicObject(11459, 18.30556, 2417.17456, 9164.25293,   0.00000, 0.00000, 0.00000);
CreateDynamicObject(11459, 22.83275, 2417.24805, 9163.77441,   0.00000, 0.00000, 0.00000);
CreateDynamicObject(11459, 27.55414, 2417.19800, 9163.17969,   0.00000, 0.00000, 0.00000);
CreateDynamicObject(11459, 27.60330, 2417.15894, 9165.95996,   0.00000, 0.00000, 0.00000);
CreateDynamicObject(713, 38.88751, 2417.99390, 9164.25586,   0.00000, 0.00000, 0.00000);
CreateDynamicObject(11459, 34.66533, 2378.08472, 9164.25781,   0.00000, 0.00000, 90.00000);
CreateDynamicObject(1231, 34.71440, 2390.11548, 9165.39551,   0.00000, 0.00000, 0.00000);